Testing with Partial Data:

Year/Country		1983		1984		1985		1986		1987		1988		1989		
Canada			0		0		0.05		0.23		0.37		0.75		1.26		
Mexico			0		0		0		0		0		0		0.01		
USA			0		0.04		0.14		0.28		0.5		0.83		1.39		

USA (1985 to 1986): 0.42

Invalid Argument Request of end year for Mexico: 4320
Valid request for end year is 1989
Mexico (1994 to 4320): -1.00

Invalid Arguments Request of start year 1890 and end year 2556 for Canada
Valid range 1983 to 1989
Canada (1890 to 2556): -1.00




Testing with All Data:

Year/Country		1960		1961		1962		1963		1964		1965		1966		1967		1968		1969		1970		1971		1972		1973		1974		1975		1976		1977		1978		1979		1980		1981		1982		1983		1984		1985		1986		1987		1988		1989		1990		1991		1992		1993		1994		1995		1996		1997		1998		1999		2000		2001		2002		2003		2004		2005		2006		2007		2008		2009		2010		2011		2012		2013		2014		
Canada			0		0		0		0		0		0		0		0		0		0		0		0		0		0		0		0		0		0		0		0		0		0		0		0		0		0.05		0.23		0.37		0.75		1.26		2.11		2.77		3.62		4.65		6.44		8.84		11.82		14.05		17.74		22.72		28.43		34.37		37.95		42.07		47.06		52.76		57.49		61.47		66.2		70.55		75.68		77.83		79.57		80.61		81.04		
Mexico			0		0		0		0		0		0		0		0		0		0		0		0		0		0		0		0		0		0		0		0		0		0		0		0		0		0		0		0		0		0.01		0.07		0.18		0.35		0.42		0.61		0.72		1.05		1.76		3.33		7.56		13.55		20.65		24.29		27.85		35.15		42.56		49.41		58.63		65.5		71.46		77.52		79.24		83.35		87.26		82.22		
USA			0		0		0		0		0		0		0		0		0		0		0		0		0		0		0		0		0		0		0		0		0		0		0		0		0.04		0.14		0.28		0.5		0.83		1.39		2.08		2.94		4.25		6.1		9.1		12.6		16.24		20.14		24.89		30.58		38.47		44.69		48.85		54.85		62.55		68.32		76.29		82.06		85.21		88.62		91.31		94.44		96.01		97.08		110.2		

USA (1983 to 1989): 3.18 

Mexico (1960 to 2000): 29.61

Invalid Argument Request of start year for Canada: 1890
Valid request for start year is 1960
Canada (1890 to 2000): -1.00

